Date,Open,High,Low,Close,Volume,Adj Close
10/1/2012,671.16,676.75,656.5,659.39,19414100,644.05
10/2/2012,661.81,666.35,650.65,661.31,22428300,645.92
10/3/2012,664.86,671.86,662.63,671.45,15152900,655.82
10/4/2012,671.25,674.25,665.55,666.8,13240200,651.28
10/5/2012,665.2,666,651.28,652.59,21214500,637.4
10/8/2012,646.88,647.56,636.11,638.17,22785500,623.32
10/9/2012,638.65,640.49,623.55,635.85,29949900,621.05
10/10/2012,639.74,644.98,637,640.91,18227000,626
10/11/2012,646.5,647.2,628.1,628.1,19502900,613.48
10/12/2012,629.56,635.38,625.3,629.71,16429100,615.06
10/15/2012,632.35,635.13,623.85,634.76,15446500,619.99
10/16/2012,635.37,650.3,631,649.79,19634700,634.67
10/17/2012,648.87,652.79,644,644.61,13894200,629.61
10/18/2012,639.59,642.06,630,632.64,17022300,617.92
10/19/2012,631.05,631.77,609.62,609.84,26574500,595.65
10/22/2012,612.42,635.38,610.76,634.03,19526100,619.28
10/23/2012,631,633.9,611.7,613.36,25255200,599.09
10/24/2012,621.44,626.55,610.64,616.83,19947400,602.48
10/25/2012,620,622,605.55,609.54,23440200,595.36
10/26/2012,609.43,614,591,604,36372600,589.94
10/31/2012,594.88,601.96,587.7,595.32,18214400,581.47
11/1/2012,598.22,603,594.17,596.54,12903500,582.66
11/2/2012,595.89,596.95,574.75,576.8,21406200,563.38
11/5/2012,583.52,587.77,577.6,584.62,18897700,571.02
11/6/2012,590.23,590.74,580.09,582.85,13389900,569.29
11/7/2012,573.84,574.54,555.75,558,28344600,547.5
11/8/2012,560.63,562.23,535.29,537.75,37719500,527.63
11/9/2012,540.42,554.88,533.72,547.06,33211200,536.77
11/12/2012,554.15,554.5,538.65,542.83,18421500,532.62
11/13/2012,538.91,550.48,536.36,542.9,19033900,532.69
11/14/2012,545.5,547.45,536.18,536.88,17041800,526.78
11/15/2012,537.53,539.5,522.62,525.62,28211100,515.73
11/16/2012,525.2,530,505.75,527.68,45246200,517.75
11/19/2012,540.71,567.5,539.88,565.73,29404200,555.09
11/20/2012,571.91,571.95,554.58,560.91,22955500,550.36
11/21/2012,564.25,567.37,556.6,561.7,13321500,551.13
11/23/2012,567.17,572,562.6,571.5,9743800,560.75
11/26/2012,575.9,590,573.71,589.53,22520700,578.44
11/27/2012,589.55,590.42,580.1,584.78,19047500,573.78
11/28/2012,577.27,585.8,572.26,582.94,18602300,571.97
11/29/2012,590.22,594.25,585.25,589.36,18382100,578.27
11/30/2012,586.79,588.4,582.68,585.28,13975700,574.27
12/3/2012,593.65,594.59,585.5,586.19,13010000,575.16
12/4/2012,581.8,581.8,572.13,575.85,19895300,565.02
12/5/2012,568.91,569.25,538.77,538.79,37308500,528.66
12/6/2012,528.94,553.31,518.63,547.24,42043300,536.95
12/7/2012,553.4,555.2,530,533.25,28108600,523.22
12/10/2012,525,538.51,521.58,529.82,22517300,519.85
12/11/2012,539.77,549.56,537.37,541.39,21155200,531.21
12/12/2012,547.77,548,536.27,539,17398000,528.86
12/13/2012,531.15,537.64,525.8,529.69,22330700,519.73
12/14/2012,514.75,518.13,505.58,509.79,36056400,500.2
12/17/2012,508.93,520,501.23,518.83,27057400,509.07
12/18/2012,525,534.9,520.25,533.9,22345900,523.86
12/19/2012,531.47,533.7,525.5,526.31,16048900,516.41
12/20/2012,530,530.2,518.88,521.73,17203200,511.92
12/21/2012,512.47,519.67,510.24,519.33,21295300,509.56
12/24/2012,520.35,524.25,518.71,520.17,6276900,510.39
12/26/2012,519,519.46,511.12,513,10801300,503.35
12/27/2012,513.54,516.25,504.66,515.06,16254300,505.37
12/28/2012,510.29,514.48,508.12,509.59,12652800,500
12/31/2012,510.53,535.4,509,532.17,23553300,522.16
1/2/2013,553.82,555,541.63,549.03,20018500,538.7
1/3/2013,547.88,549.67,541,542.1,12605900,531.9
1/4/2013,536.97,538.63,525.83,527,21226200,517.09
1/7/2013,522,529.3,515.2,523.9,17291300,514.05
1/8/2013,529.21,531.89,521.25,525.31,16382400,515.43
1/9/2013,522.5,525.01,515.99,517.1,14557300,507.37
1/10/2013,528.55,528.72,515.52,523.51,21469500,513.66
1/11/2013,521,525.32,519.02,520.3,12518100,510.51
1/14/2013,502.68,507.5,498.51,501.75,26221700,492.31
1/15/2013,498.3,498.99,483.38,485.92,31313300,476.78
1/16/2013,494.64,509.44,492.5,506.09,24671600,496.57
1/17/2013,510.31,510.75,502.03,502.68,16202800,493.22
1/18/2013,498.52,502.22,496.4,500,16890100,490.59
1/22/2013,504.56,507.88,496.63,504.77,16483800,495.28
1/23/2013,508.81,514.99,504.77,514.01,30768200,504.34
1/24/2013,460,465.73,450.25,450.5,52173300,442.03
1/25/2013,451.69,456.23,435,439.88,43143800,431.61
1/28/2013,437.83,453.21,435.86,449.83,28054200,441.37
1/29/2013,458.5,460.2,452.12,458.27,20398500,449.65
1/30/2013,457,462.6,454.5,456.83,14898400,448.24
1/31/2013,456.98,459.28,454.98,455.49,11404800,446.92
2/1/2013,459.11,459.48,448.35,453.62,19267300,445.09
2/4/2013,453.91,455.94,442,442.32,17039900,434
2/5/2013,444.05,459.74,442.22,457.84,20476700,449.23
2/6/2013,456.47,466.5,452.58,457.35,21203800,448.75
2/7/2013,463.25,470,454.12,468.22,25163600,462.09
2/8/2013,474,478.81,468.25,474.98,22612800,468.76
2/11/2013,476.5,484.94,473.25,479.93,18481800,473.65
2/12/2013,479.51,482.38,467.74,467.9,21751900,461.77
2/13/2013,467.21,473.64,463.22,467.01,16971700,460.9
2/14/2013,464.52,471.64,464.02,466.59,12688400,460.48
2/15/2013,468.85,470.16,459.92,460.16,13990900,454.14
2/19/2013,461.1,462.73,453.85,459.99,15563700,453.97
2/20/2013,457.69,457.69,448.8,448.85,17010800,442.97
2/21/2013,446,449.17,442.82,446.06,15970800,440.22
2/22/2013,449.25,451.6,446.6,450.81,11809100,444.91
2/25/2013,453.85,455.12,442.57,442.8,13306400,437
2/26/2013,443.82,451.54,437.66,448.97,17910700,443.09
2/27/2013,448.43,452.44,440.65,444.57,20976800,438.75
2/28/2013,444.05,447.87,441.4,441.4,11518400,435.62
3/1/2013,438,438.18,429.98,430.47,19730300,424.83
3/4/2013,427.8,428.2,419,420.05,20812700,414.55
3/5/2013,421.48,435.19,420.75,431.14,22801200,425.5
3/6/2013,434.51,435.25,424.43,425.66,16437500,420.09
3/7/2013,424.5,432.01,421.06,430.58,16731200,424.94
3/8/2013,429.8,435.43,428.61,431.72,13981500,426.07
3/11/2013,429.75,439.01,425.14,437.87,16937000,432.14
3/12/2013,435.6,438.88,427.57,428.43,16639700,422.82
3/13/2013,428.45,434.5,425.36,428.35,14483900,422.74
3/14/2013,432.83,434.64,430.45,432.5,10852700,426.84
3/15/2013,437.93,444.23,437.25,443.66,22998600,437.85
3/18/2013,441.45,457.46,441.2,455.72,21649900,449.75
3/19/2013,459.5,460.97,448.5,454.49,18813400,448.54
3/20/2013,457.42,457.63,449.59,452.08,11023600,446.16
3/21/2013,450.22,457.98,450.1,452.73,13687700,446.8
3/22/2013,454.58,462.1,453.11,461.91,14110900,455.86
3/25/2013,464.69,469.95,461.78,463.58,17897700,457.51
3/26/2013,465.44,465.84,460.53,461.14,10510500,455.1
3/27/2013,456.46,456.8,450.73,452.08,11829900,446.16
3/28/2013,449.82,451.82,441.62,442.66,15815700,436.86
4/1/2013,441.9,443.7,427.74,428.91,13919000,423.29
4/2/2013,427.6,438.14,426.4,429.79,18911400,424.16
4/3/2013,431.37,437.28,430.31,431.99,12972000,426.33
4/4/2013,433.76,435,425.25,427.72,12801700,422.12
4/5/2013,424.5,424.95,419.68,423.2,13703400,417.66
4/8/2013,424.85,427.5,422.49,426.21,10743900,420.63
4/9/2013,426.36,428.5,422.75,426.98,10950500,421.39
4/10/2013,428.1,437.06,426.01,435.69,13426000,429.99
4/11/2013,433.72,437.99,431.2,434.33,11727300,428.64
4/12/2013,434.15,434.15,429.09,429.8,8521900,424.17
4/15/2013,427,427.89,419.55,419.85,11340000,414.35
4/16/2013,421.57,426.61,420.57,426.24,10920400,420.66
4/17/2013,420.27,420.6,398.11,402.8,33752000,397.53
4/18/2013,404.99,405.79,389.74,392.05,23796400,386.92
4/19/2013,387.97,399.6,385.1,390.53,21759800,385.42
4/22/2013,392.64,402.2,391.27,398.67,15354300,393.45
4/23/2013,403.99,408.38,398.81,406.13,23722800,400.81
4/24/2013,393.54,415.25,392.5,405.46,34630400,400.15
4/25/2013,411.23,413.94,407,408.38,13744200,403.03
4/26/2013,409.81,418.77,408.25,417.2,27289200,411.74
4/29/2013,420.45,433.62,420,430.12,22868800,424.49
4/30/2013,435.1,445.25,432.07,442.78,24697800,436.98
5/1/2013,444.46,444.93,434.39,439.29,18103900,433.54
5/2/2013,441.78,448.59,440.63,445.52,15065300,439.69
5/3/2013,451.31,453.23,449.15,449.98,12903600,444.09
5/6/2013,455.71,462.2,454.31,460.71,17737200,454.68
5/7/2013,464.97,465.75,453.7,458.66,17276900,452.66
5/8/2013,459.04,465.37,455.81,463.84,16878500,457.77
5/9/2013,459.81,463,455.58,456.77,14231700,453.77
5/10/2013,457.97,459.71,450.48,452.97,11959000,450
5/13/2013,451.51,457.9,451.5,454.74,11319600,451.76
5/14/2013,453.85,455.2,442.15,443.86,15968500,440.95
5/15/2013,439.16,441,422.36,428.85,26486200,426.04
5/16/2013,423.24,437.85,418.9,434.58,21543000,431.73
5/17/2013,439.05,440.09,431.01,433.26,15282300,430.42
5/20/2013,431.91,445.8,430.1,442.93,16127800,440.02
5/21/2013,438.15,445.48,434.2,439.66,16286500,436.78
5/22/2013,444.05,448.35,438.22,441.35,15822800,438.46
5/23/2013,435.95,446.16,435.79,442.14,12607900,439.24
5/24/2013,440.85,445.66,440.36,445.15,9863100,442.23
5/28/2013,449.9,451.11,440.85,441.44,13790900,438.54
5/29/2013,440,447.5,439.4,444.95,11806300,442.03
5/30/2013,445.65,454.5,444.51,451.58,12625700,448.62
5/31/2013,452.5,457.1,449.5,449.73,13725100,446.78
6/3/2013,450.73,452.36,442.48,450.72,13298300,447.76
6/4/2013,453.22,454.43,447.39,449.31,10454600,446.36
6/5/2013,445.65,450.72,443.71,445.11,10378200,442.19
6/6/2013,445.47,447,434.05,438.46,14890500,435.58
6/7/2013,436.5,443.24,432.77,441.81,14447700,438.91
6/10/2013,444.73,449.08,436.8,438.89,16076900,436.01
6/11/2013,435.74,442.76,433.32,437.6,10218300,434.73
6/12/2013,439.5,441.25,431.5,432.19,9472400,429.36
6/13/2013,432.5,437.14,428.75,435.96,10208300,433.1
6/14/2013,435.4,436.29,428.5,430.05,9709500,427.23
6/17/2013,431.44,435.7,430.36,432,9264800,429.17
6/18/2013,431.56,434.9,430.21,431.77,6965200,428.94
6/19/2013,431.4,431.66,423,423,11105000,420.23
6/20/2013,419.3,425.98,415.17,416.84,12761100,414.11
6/21/2013,418.49,420,408.1,413.5,17182800,410.79
6/24/2013,407.4,408.66,398.05,402.54,17169500,399.9
6/25/2013,405.7,407.79,398.83,402.63,11220100,399.99
6/26/2013,403.9,404.79,395.66,398.07,13133000,395.46
6/27/2013,399.25,401.39,393.54,393.78,12044500,391.2
6/28/2013,391.36,400.27,388.87,396.53,20661300,393.93
7/1/2013,402.69,412.27,401.22,409.22,13966200,406.54
7/2/2013,409.96,421.63,409.47,418.49,16780900,415.74
7/3/2013,420.86,422.98,417.45,420.8,8604600,418.04
7/5/2013,420.39,423.29,415.35,417.42,9786600,414.68
7/8/2013,420.11,421,410.65,415.05,10647800,412.33
7/9/2013,413.6,423.5,410.38,422.35,12592300,419.58
7/10/2013,419.6,424.8,418.25,420.73,10050200,417.97
7/11/2013,422.95,428.25,421.17,427.29,11653300,424.49
7/12/2013,427.65,429.79,423.41,426.51,9984400,423.71
7/15/2013,425.01,431.46,424.8,427.44,8639900,424.64
7/16/2013,426.52,430.71,424.17,430.2,7733500,427.38
7/17/2013,429.7,432.22,428.22,430.31,7106800,427.49
7/18/2013,433.38,434.87,430.61,431.76,7817100,428.93
7/19/2013,433.1,433.98,424.35,424.95,9597200,422.16
7/22/2013,429.46,429.75,425.47,426.31,7421300,423.51
7/23/2013,426,426.96,418.71,418.99,13192700,416.24
7/24/2013,438.93,444.59,435.26,440.51,21140600,437.62
7/25/2013,440.7,441.4,435.81,438.5,8196200,435.62
7/26/2013,435.3,441.04,434.34,440.99,7148300,438.1
7/29/2013,440.8,449.99,440.2,447.79,8859200,444.85
7/30/2013,449.96,457.15,449.23,453.32,11050800,450.35
7/31/2013,454.99,457.34,449.43,452.53,11534200,449.56
8/1/2013,455.75,456.8,453.26,456.68,7366100,453.68
8/2/2013,458.01,462.85,456.66,462.54,9813700,459.51
8/5/2013,464.69,470.67,462.15,469.45,11387700,466.37
8/6/2013,468.02,471.89,462.17,465.25,11959200,462.2
8/7/2013,463.8,467,461.77,464.98,10673500,461.93
8/8/2013,463.86,464.1,457.95,461.01,9134900,461.01
8/9/2013,458.64,460.46,453.65,454.45,9530900,454.45
8/12/2013,456.86,468.65,456.63,467.36,13015500,467.36
8/13/2013,470.94,494.66,468.05,489.57,31497900,489.57
8/14/2013,497.88,504.25,493.4,498.5,27013300,498.5
8/15/2013,496.42,502.4,489.08,497.91,17510500,497.91
8/16/2013,500.15,502.94,498.86,502.33,12939500,502.33
8/19/2013,504.34,513.74,504,507.74,18232800,507.74
8/20/2013,509.71,510.57,500.82,501.07,12810300,501.07
8/21/2013,503.59,507.15,501.2,502.36,11995700,502.36
8/22/2013,504.98,505.59,498.2,502.96,8721700,502.96
8/23/2013,503.27,503.35,499.35,501.02,7954700,501.02
8/26/2013,500.75,510.2,500.5,502.97,11820200,502.97
8/27/2013,498,502.51,486.3,488.59,15149600,488.59
8/28/2013,486,495.8,486,490.9,10986000,490.9
8/29/2013,491.65,496.5,491.13,491.7,8559200,491.7
8/30/2013,492,492.95,486.5,487.22,9724900,487.22
9/3/2013,493.1,500.6,487.35,488.58,11854600,488.58
9/4/2013,499.56,502.24,496.28,498.69,12322600,498.69
9/5/2013,500.25,500.68,493.64,495.27,8441700,495.27
9/6/2013,498.44,499.38,489.95,498.22,12840200,498.22
9/9/2013,505,507.92,503.48,506.17,12167400,506.17
9/10/2013,506.2,507.45,489.5,494.64,26542700,494.64
9/11/2013,467.01,473.69,464.81,467.71,32096300,467.71
9/12/2013,468.5,475.4,466.01,472.69,14409400,472.69
9/13/2013,469.34,471.83,464.7,464.9,10649000,464.9
9/16/2013,461,461.61,447.22,450.12,19418100,450.12
9/17/2013,447.96,459.71,447.5,455.32,14246500,455.32
9/18/2013,463.18,466.35,460.66,464.68,16243500,464.68
9/19/2013,470.7,475.83,469.25,472.3,14409000,472.3
9/20/2013,478,478.55,466,467.41,24928300,467.41
9/23/2013,496.1,496.91,482.6,490.64,27141300,490.64
9/24/2013,494.88,495.47,487.82,489.1,12928300,489.1
9/25/2013,489.2,489.64,481.43,481.53,11292500,481.53
9/26/2013,486,488.56,483.9,486.22,8438100,486.22
9/27/2013,483.78,484.67,480.72,482.75,8131300,482.75
9/30/2013,477.25,481.66,474.41,476.75,9258500,476.75
10/1/2013,478.45,489.14,478.38,487.96,12601800,487.96
